--- 
answer_has_item00001: 
  updated_at: 2007-12-26 02:28:47.252993 +09:00
  item_id: 1
  answer_id: 1
  id: 1
  created_at: 2007-12-26 02:28:47.252993 +09:00
answer_has_item00002: 
  updated_at: 2007-12-26 02:28:47.252993 +09:00
  item_id: 2
  answer_id: 2
  id: 2
  created_at: 2007-12-26 02:28:47.252993 +09:00
