--- 
series_has_manifestation_00001: 
  updated_at: 2008-01-11 23:28:19.277110 +09:00
  manifestation_id: 1
  series_statement_id: 1
  id: 1
  position: 1
  created_at: 2008-01-11 23:28:19.277110 +09:00
series_has_manifestation_00002: 
  updated_at: 2008-01-11 23:28:57.068191 +09:00
  manifestation_id: 2
  series_statement_id: 2
  id: 2
  position: 1
  created_at: 2008-01-11 23:28:57.068191 +09:00
series_has_manifestation_00003: 
  updated_at: 2008-01-11 23:32:03.701425 +09:00
  manifestation_id: 3
  series_statement_id: 3
  id: 3
  position: 1
  created_at: 2008-01-11 23:32:03.701425 +09:00
