--- 
series_statement_merge_00001: 
  updated_at: 2008-02-17 18:51:36.776009 +09:00
  id: 1
  series_statement_id: 1
  series_statement_merge_list_id: 1
  created_at: 2008-02-17 18:51:36.776009 +09:00
series_statement_merge_00002: 
  updated_at: 2008-02-17 19:14:03.461761 +09:00
  id: 2
  series_statement_id: 2
  series_statement_merge_list_id: 1
  created_at: 2008-02-17 19:10:36.282814 +09:00
series_statement_merge_00003: 
  updated_at: 2008-02-17 19:19:19.265557 +09:00
  series_statement_id: 3
  series_statement_merge_list_id: 1
  id: 3
  created_at: 2008-02-17 19:19:19.265557 +09:00
