--- 
work_has_subject_00001: 
  work_id: 1
  created_at: 2008-06-06 15:11:29.667289 +09:00
  updated_at: 2008-06-06 15:11:29.667289 +09:00
  subject_id: 1
  id: 1
work_has_subject_00002: 
  work_id: 1
  created_at: 2008-06-06 15:11:33.311274 +09:00
  updated_at: 2008-06-06 15:11:33.311274 +09:00
  subject_id: 2
  id: 2
work_has_subject_00003: 
  work_id: 1
  created_at: 2008-06-06 15:11:37.290715 +09:00
  updated_at: 2008-06-06 15:11:37.290715 +09:00
  subject_id: 3
  id: 3
